35,17
35,16
35,4
30,6
30,5
35,19
35,18
35,15
35,13
35,10
35,9
35,8
35,7
35,6
34,6
34,13
34,12
34,11
34,10
33,1
33,3
32,10
32,9
32,11
38,35
34,8
34,15
34,7
34,9
10,102
10,128
10,244
10,252
10,286
36,21
36,20
36,19
36,18
36,17
36,16
36,15
36,14
10,168
36,13
36,12
36,11
36,10
36,9
36,8
36,7
36,5
36,4
11,30
36,3
36,1
35,28
35,27
35,26
35,25
11,14
35,24
35,23
11,17
11,10
35,22
11,26
35,21
35,1
35,20
35,3
34,21
34,20
34,19
34,18
34,17
34,16
34,5
34,1
34,4
34,3
8,17
8,18
8,15
8,5
8,9
34,2
34,0
32,1
32,5
32,3
31,4
31,3
31,1
30,1
30,4
30,3
29,5
29,4
29,3
29,1
28,3
28,1
27,4
27,3
27,1
26,5
26,4
26,3
26,1
25,4
25,3
25,1
20,3
20,2
20,1
19,3
19,2
19,1
14,5
12,3
12,2
12,1
11,25
11,20
11,16
11,13
11,12
